Level	AC	AC(N)	AC(H)	L-AC	L-AC(N)	L-AC(H)	TH	TH(N)	TH(H)	L-TH	L-TH(N)	L-TH(H)	HP	HP(N)	HP(H)	L-HP	L-HP(N)	L-HP(H)	DM	DM(N)	DM(H)	L-DM	L-DM(N)	L-DM(H)	XP	XP(N)	XP(H)	L-XP	L-XP(N)	L-XP(H)
0	1	1	1	1	1	1	1	1	1	1	1	1	1	1	1	1	1	1	1	1	1	1	1	1	1	1	1	1	1	1
1	1	60	96	1	60	96	5	96	190	5	96	190	6	103	815	6	103	815	2	3	4	2	3	4	23	60	91	23	60	91
2	3	62	99	3	62	99	7	102	203	7	102	203	6	105	823	6	105	823	2	3	4	2	3	4	26	69	104	26	69	104
3	4	64	103	4	76	121	8	108	216	8	108	216	7	107	830	7	107	1107	2	3	4	2	3	4	30	78	117	30	78	117
4	6	67	106	6	78	125	9	114	229	9	114	229	8	109	837	8	109	1117	2	3	5	2	3	5	33	87	130	33	87	130
5	7	69	110	7	81	129	11	120	241	11	120	241	8	111	845	8	111	1126	3	4	5	3	4	5	37	95	143	37	95	143
6	8	71	113	8	84	133	12	126	254	12	126	254	9	113	852	9	113	1136	3	4	6	3	4	6	40	104	156	40	104	156
7	10	74	117	10	87	137	14	132	267	14	132	267	10	115	860	10	115	1146	3	4	6	3	4	6	43	113	170	43	113	170
8	11	76	120	11	90	141	16	138	279	16	138	279	11	118	867	11	118	1157	3	4	6	3	4	6	47	122	183	47	122	183
9	13	78	124	13	92	146	18	144	292	18	144	292	12	120	875	12	120	1167	3	4	6	3	4	6	50	131	197	50	131	197
10	14	81	127	14	95	150	21	150	305	21	150	305	13	122	882	13	122	1177	3	4	6	3	4	6	53	139	209	53	139	209
11	15	83	131	15	98	154	23	156	317	23	156	317	14	123	890	14	123	1186	4	5	7	4	5	7	57	148	222	57	148	222
12	17	85	134	17	101	158	26	162	330	26	162	330	15	125	897	15	125	1196	4	5	7	4	5	7	60	156	234	60	156	234
13	18	88	138	18	104	162	29	168	343	29	168	343	16	127	905	16	127	1206	4	5	7	4	5	7	63	165	247	63	165	247
14	20	90	141	20	106	166	32	174	355	32	174	355	16	130	912	16	130	1217	4	5	7	4	5	7	67	173	260	67	173	260
15	21	93	145	21	109	170	35	180	368	35	180	368	17	132	920	17	132	1227	4	5	7	4	5	7	70	182	273	70	182	273
16	22	95	148	22	112	174	38	186	381	38	186	381	18	134	927	18	134	1237	4	6	8	4	6	8	73	190	286	73	190	286
17	24	98	152	24	115	179	42	192	393	42	192	393	19	137	935	19	137	1246	5	6	8	5	6	8	77	199	298	77	199	298
18	25	100	155	25	118	183	45	198	406	45	198	406	20	139	942	20	139	1256	5	7	9	5	7	9	80	207	311	80	207	311
19	27	102	159	27	120	187	49	204	419	49	204	419	21	141	950	21	141	1266	5	7	9	5	7	9	83	216	324	83	216	324
20	28	105	162	28	123	190	52	210	431	52	210	431	22	143	957	22	143	1277	5	7	9	5	7	9	87	225	338	87	225	338
21	29	107	165	29	126	195	56	216	444	56	216	444	23	145	965	23	145	1287	5	7	9	5	7	9	90	234	351	90	234	351
22	31	109	169	31	129	199	60	222	457	60	222	457	24	147	972	24	147	1297	5	7	10	5	7	10	93	243	364	93	243	364
23	32	112	173	32	132	203	63	228	469	63	228	469	26	150	980	26	150	1306	6	8	10	6	8	10	97	251	377	97	251	377
24	34	114	176	34	134	207	67	234	482	67	234	482	27	152	987	27	152	1316	6	8	11	6	8	11	100	260	390	100	260	390
25	35	116	180	35	137	211	71	240	495	71	240	495	28	154	995	28	154	1326	6	8	12	6	8	12	103	268	403	103	268	403
26	36	119	183	36	140	216	74	246	507	74	246	507	30	155	1002	30	155	1337	7	9	12	7	9	12	107	277	415	107	277	415
27	38	121	187	38	143	220	78	252	520	78	252	520	31	157	1010	31	157	1347	7	9	13	7	9	13	110	285	428	110	285	428
28	39	124	190	39	146	224	82	258	533	82	258	533	32	159	1017	32	159	1357	7	9	13	7	9	13	113	294	441	113	294	441
29	41	126	193	41	148	228	85	264	545	85	264	545	34	162	1025	34	162	1366	7	9	13	7	9	13	117	303	455	117	303	455
30	42	129	197	42	151	232	89	270	558	89	270	558	35	164	1032	35	164	1376	7	9	13	7	9	13	120	312	468	120	312	468
31	43	131	200	43	154	236	93	276	571	93	276	571	35	166	1040	35	166	1386	7	10	14	7	10	14	123	321	481	123	321	481
32	45	134	204	45	157	240	96	282	583	96	282	583	36	169	1047	36	169	1397	8	10	14	8	10	14	127	329	494	127	329	494
33	46	136	208	46	160	244	100	288	596	100	288	596	36	171	1055	36	171	1407	8	11	15	8	11	15	130	338	507	130	338	507
34	48	138	211	48	162	249	104	294	609	104	294	609	37	173	1062	37	173	1417	8	11	15	8	11	15	133	346	520	133	346	520
35	49	141	214	49	165	252	107	300	621	107	300	621	39	175	1070	39	175	1426	8	11	15	8	11	15	137	355	532	137	355	532
36	50	143	218	50	168	256	111	306	634	111	306	634	40	177	1077	40	177	1436	8	11	15	8	11	15	140	363	545	140	363	545
37	52	145	221	52	171	260	115	312	647	115	312	647	41	179	1085	41	179	1446	8	11	16	8	11	16	145	376	564	145	376	564
38	53	148	225	53	174	265	118	318	659	118	318	659	43	182	1092	43	182	1457	9	12	16	9	12	16	149	388	583	149	388	583
39	55	150	228	55	176	269	122	324	672	122	324	672	44	184	1100	44	184	1467	9	12	17	9	12	17	154	401	602	154	401	602
40	56	152	232	56	179	273	126	330	685	126	330	685	45	186	1107	45	186	1477	9	12	18	9	12	18	159	414	621	159	414	621
41	57	155	236	57	182	277	129	336	697	129	336	697	47	187	1115	47	187	1486	10	13	18	10	13	18	164	427	641	164	427	641
42	59	157	239	59	185	281	133	342	710	133	342	710	48	189	1122	48	189	1496	10	13	19	10	13	19	169	440	660	169	440	660
43	60	160	243	60	188	286	137	348	723	137	348	723	49	191	1130	49	191	1506	10	13	19	10	13	19	175	454	681	175	454	681
44	62	162	246	62	190	289	140	354	735	140	354	735	51	194	1137	51	194	1517	10	13	19	10	13	19	180	468	702	180	468	702
45	63	165	249	63	193	293	144	360	748	144	360	748	52	196	1145	52	196	1527	10	13	19	10	13	19	186	482	723	186	482	723
46	64	167	253	64	196	298	148	366	761	148	366	761	53	198	1152	53	198	1537	10	14	19	10	14	19	192	499	749	192	499	749
47	66	169	256	66	199	302	151	372	773	151	372	773	55	201	1160	55	201	1546	11	14	20	11	14	20	199	516	774	199	516	774
48	67	172	260	67	202	306	155	378	786	155	378	786	56	203	1167	56	203	1556	11	15	20	11	15	20	205	533	800	205	533	800
49	69	174	263	69	204	310	159	384	799	159	384	799	57	205	1175	57	205	1566	11	15	20	11	15	20	212	550	825	212	550	825
50	70	176	267	70	207	314	162	390	811	162	390	811	59	207	1182	59	207	1577	11	15	20	11	15	20	218	567	851	218	567	851
51	71	179	270	71	210	318	166	396	824	166	396	824	60	209	1190	60	209	1587	11	15	20	11	15	20	225	584	876	225	584	876
52	73	181	274	73	213	322	170	402	837	170	402	837	61	211	1197	61	211	1597	11	15	21	11	15	21	233	604	906	233	604	906
53	74	183	277	74	216	326	173	408	849	173	408	849	63	214	1205	63	214	1606	12	16	21	12	16	21	240	624	936	240	624	936
54	76	186	281	76	218	330	177	414	862	177	414	862	64	216	1212	64	216	1616	12	16	22	12	16	22	248	644	966	248	644	966
55	77	188	284	77	221	335	181	420	875	181	420	875	65	218	1220	65	218	1626	12	16	23	12	16	23	256	665	998	256	665	998
56	78	190	288	78	224	339	184	426	887	184	426	887	67	219	1227	67	219	1637	13	17	23	13	17	23	265	687	1030	265	687	1030
57	80	193	292	80	227	343	188	432	900	188	432	900	68	221	1235	68	221	1647	13	17	24	13	17	24	273	708	1062	273	708	1062
58	81	195	295	81	230	347	192	438	913	192	438	913	70	223	1242	70	223	1657	13	17	24	13	17	24	282	732	1098	282	732	1098
59	83	197	298	83	232	351	195	444	925	195	444	925	71	226	1250	71	226	1666	13	17	24	13	17	24	291	755	1133	291	755	1133
60	84	200	302	84	235	355	199	450	938	199	450	938	73	228	1257	73	228	1676	13	17	24	13	17	24	300	779	1169	300	779	1169
61	85	202	305	85	238	359	203	456	951	203	456	951	75	231	1265	75	231	1686	13	18	25	13	18	25	310	805	1208	310	805	1208
62	87	205	309	87	241	363	206	462	963	206	462	963	76	233	1272	76	233	1697	14	18	25	14	18	25	320	831	1247	320	831	1247
63	88	207	312	88	244	368	210	468	976	210	468	976	78	236	1280	78	236	1707	14	19	26	14	19	26	330	857	1286	330	857	1286
64	90	209	316	90	246	372	214	474	989	214	474	989	80	238	1287	80	238	1717	14	19	26	14	19	26	341	885	1328	341	885	1328
65	91	212	319	91	249	375	217	480	1001	217	480	1001	82	241	1295	82	241	1726	14	19	26	14	19	26	352	914	1371	352	914	1371
66	92	214	323	92	252	379	221	486	1014	221	486	1014	84	243	1302	84	243	1736	14	19	26	14	19	26	363	942	1413	363	942	1413
67	94	216	326	94	255	384	225	492	1027	225	492	1027	86	245	1310	86	245	1746	14	19	27	14	19	27	375	973	1460	375	973	1460
68	95	219	330	95	258	388	228	498	1039	228	498	1039	87	246	1317	87	246	1757	15	20	27	15	20	27	387	1004	1506	387	1004	1506
69	97	221	333	97	260	392	232	504	1052	232	504	1052	89	248	1325	89	248	1767	15	20	28	15	20	28	399	1035	1553	399	1035	1553
70	98	223	337	98	263	396	236	510	1065	236	510	1065	91	250	1332	91	250	1777	15	20	29	15	20	29	412	1070	1605	412	1070	1605
71	99	226	340	99	266	400	239	516	1077	239	516	1077	92	253	1340	92	253	1786	16	21	29	16	21	29	426	1104	1657	426	1104	1657
72	101	228	344	101	269	405	243	522	1090	243	522	1090	94	255	1347	94	255	1796	16	21	30	16	21	30	439	1139	1709	439	1139	1709
73	102	231	347	102	272	409	247	528	1103	247	528	1103	96	257	1355	96	257	1806	16	21	30	16	21	30	449	1166	1749	449	1166	1749
74	104	233	351	104	274	412	250	534	1115	250	534	1115	98	259	1362	98	259	1817	16	21	30	16	21	30	460	1193	1790	460	1193	1790
75	105	236	354	105	277	417	254	540	1128	254	540	1128	100	261	1370	100	261	1827	16	21	30	16	21	30	470	1220	1830	470	1220	1830
76	106	238	358	106	280	421	258	546	1141	258	546	1141	102	263	1377	102	263	1837	16	22	30	16	22	30	481	1248	1873	481	1248	1873
77	108	241	361	108	283	425	261	552	1153	261	552	1153	104	266	1385	104	266	1846	17	22	31	17	22	31	492	1277	1915	492	1277	1915
78	109	243	365	109	286	429	265	558	1166	265	558	1166	106	268	1392	106	268	1856	17	23	31	17	23	31	503	1305	1958	503	1305	1958
79	111	245	368	111	288	433	269	564	1179	269	564	1179	108	270	1400	108	270	1866	17	23	31	17	23	31	515	1336	2004	515	1336	2004
80	112	248	372	112	291	437	272	570	1191	272	570	1191	111	273	1407	111	273	1877	17	23	31	17	23	31	526	1366	2050	526	1366	2050
81	113	250	375	113	294	441	276	576	1204	276	576	1204	113	275	1415	113	275	1887	17	23	31	17	23	31	538	1397	2096	538	1397	2096
82	115	252	379	115	297	445	280	582	1217	280	582	1217	115	277	1422	115	277	1897	17	23	32	17	23	32	551	1429	2144	551	1429	2144
83	116	255	382	116	300	449	283	588	1229	283	588	1229	118	278	1430	118	278	1906	18	24	32	18	24	32	563	1462	2193	563	1462	2193
84	118	257	386	118	302	454	287	594	1242	287	594	1242	120	280	1437	120	280	1916	18	24	33	18	24	33	576	1494	2241	576	1494	2241
85	119	259	389	119	305	458	291	600	1255	291	600	1255	122	282	1445	122	282	1926	18	24	34	18	24	34	589	1529	2293	589	1529	2293
86	120	262	393	120	308	462	294	606	1267	294	606	1267	124	285	1452	124	285	1937	19	25	34	19	25	34	603	1563	2345	603	1563	2345
87	122	264	396	122	311	466	298	612	1280	298	612	1280	126	287	1460	126	287	1947	19	25	35	19	25	35	616	1598	2397	616	1598	2397
88	123	267	400	123	314	470	302	618	1293	302	618	1293	129	298	1467	129	298	1957	19	25	35	19	25	35	630	1635	2453	630	1635	2453
89	125	269	403	125	316	474	305	624	1305	305	624	1305	131	309	1475	131	309	1966	19	25	35	19	25	35	645	1672	2508	645	1672	2508
90	126	272	407	126	319	478	309	630	1318	309	630	1318	134	320	1482	134	320	1976	19	25	35	19	25	35	659	1709	2564	659	1709	2564
91	127	274	410	127	322	482	313	636	1331	313	636	1331	137	332	1490	137	332	1986	19	26	36	19	26	36	675	1750	2625	675	1750	2625
92	129	277	414	129	325	487	316	642	1343	316	642	1343	139	343	1497	139	343	1997	20	26	36	20	26	36	690	1791	2687	690	1791	2687
93	130	279	417	130	328	491	320	648	1356	320	648	1356	142	355	1505	142	355	2007	20	27	37	20	27	37	706	1832	2748	706	1832	2748
94	132	281	421	132	330	495	324	654	1369	324	654	1369	145	366	1512	145	366	2017	20	27	37	20	27	37	722	1874	2811	722	1874	2811
95	133	284	424	133	333	498	327	660	1381	327	660	1381	147	377	1520	147	377	2026	20	27	37	20	27	37	739	1916	2874	739	1916	2874
96	134	286	427	134	336	503	331	666	1394	331	666	1394	150	388	1527	150	388	2036	20	27	37	20	27	37	755	1958	2937	755	1958	2937
97	136	288	431	136	339	507	335	672	1407	335	672	1407	153	400	1535	153	400	2046	20	27	38	20	27	38	773	2004	3007	773	2004	3007
98	137	291	435	137	342	511	338	678	1419	338	678	1419	155	411	1542	155	411	2057	21	28	38	21	28	38	790	2051	3076	790	2051	3076
99	139	293	438	139	344	515	342	684	1432	342	684	1432	158	423	1550	158	423	2067	21	28	39	21	28	39	808	2097	3146	808	2097	3146
100	140	295	442	140	347	519	346	690	1445	346	690	1445	161	434	1557	161	434	2077	21	28	40	21	28	40	827	2145	3218	827	2145	3218
101	141	298	445	141	350	524	349	696	1457	349	696	1457	163	445	1565	163	445	2086	22	29	40	22	29	40	845	2193	3290	845	2193	3290
102	143	300	449	143	353	528	353	702	1470	353	702	1470	166	456	1572	166	456	2096	22	29	41	22	29	41	864	2241	3362	864	2241	3362
103	144	302	452	144	356	532	357	708	1483	357	708	1483	169	468	1580	169	468	2106	22	29	41	22	29	41	884	2294	3441	884	2294	3441
104	146	305	455	146	358	536	360	714	1495	360	714	1495	171	479	1587	171	479	2117	22	29	41	22	29	41	905	2346	3520	905	2346	3520
105	147	307	459	147	361	540	364	720	1508	364	720	1508	174	491	1595	174	491	2127	22	29	41	22	29	41	925	2399	3599	925	2399	3599
106	148	309	462	148	364	544	368	726	1521	368	726	1521	177	502	1602	177	502	2137	22	30	42	22	30	42	947	2455	3683	947	2455	3683
107	150	312	466	150	367	548	371	732	1533	371	732	1533	179	514	1610	179	514	2146	23	30	42	23	30	42	968	2512	3768	968	2512	3768
108	151	314	470	151	370	552	375	738	1546	375	738	1546	182	525	1617	182	525	2156	23	31	43	23	31	43	990	2568	3852	990	2568	3852
109	153	316	473	153	372	557	379	744	1559	379	744	1559	185	536	1625	185	536	2166	23	31	43	23	31	43	1013	2627	3941	1013	2627	3941
110	154	319	476	154	375	560	382	750	1571	382	750	1571	187	548	1632	187	548	2177	23	31	43	23	31	43	1036	2686	4029	1036	2686	4029
111	155	321	480	155	378	564	386	756	1584	386	756	1584	190	559	1640	190	559	2187	23	31	43	23	31	43	1059	2745	4118	1059	2745	4118
112	157	323	483	157	381	568	390	762	1597	390	762	1597	193	570	1647	193	570	2197	23	31	43	23	31	43	1084	2810	4215	1084	2810	4215
113	158	326	487	158	384	573	393	768	1609	393	768	1609	195	582	1655	195	582	2206	24	32	44	24	32	44	1108	2874	4312	1108	2874	4312
114	160	328	490	160	386	577	397	774	1622	397	774	1622	198	593	1662	198	593	2216	24	32	44	24	32	44	1133	2939	4409	1133	2939	4409
115	161	330	494	161	389	581	401	780	1635	401	780	1635	201	604	1670	201	604	2226	24	32	45	24	32	45	1159	3007	4511	1159	3007	4511
116	162	333	498	162	392	585	404	786	1647	404	786	1647	203	616	1677	203	616	2237	25	33	45	25	33	45	1186	3076	4614	1186	3076	4614
117	164	335	501	164	395	589	408	792	1660	408	792	1660	206	627	1685	206	627	2247	25	33	46	25	33	46	1212	3144	4716	1212	3144	4716
118	165	338	505	165	398	594	412	798	1673	412	798	1673	209	638	1692	209	638	2257	25	33	46	25	33	46	1240	3218	4827	1240	3218	4827
119	167	340	508	167	400	597	415	804	1685	415	804	1685	212	650	1700	212	650	2266	25	33	46	25	33	46	1269	3291	4937	1269	3291	4937
120	168	343	511	168	403	601	419	810	1698	419	810	1698	215	661	1707	215	661	2276	25	33	46	25	33	46	1297	3365	5048	1297	3365	5048
121	169	345	515	169	406	606	423	816	1711	423	816	1711	218	673	1715	218	673	2286	25	34	47	25	34	47	1327	3443	5165	1327	3443	5165
122	171	348	518	171	409	610	426	822	1723	426	822	1723	222	684	1722	222	684	2297	26	34	47	26	34	47	1358	3522	5283	1358	3522	5283
123	172	350	522	172	412	614	430	828	1736	430	828	1736	225	696	1730	225	696	2307	26	35	48	26	35	48	1388	3600	5400	1388	3600	5400
124	174	352	525	174	414	618	434	834	1749	434	834	1749	228	707	1737	228	707	2317	26	35	48	26	35	48	1420	3684	5526	1420	3684	5526
125	175	355	529	175	417	622	437	840	1761	437	840	1761	231	718	1745	231	718	2326	26	35	48	26	35	48	1453	3768	5652	1453	3768	5652
126	176	357	532	176	420	626	441	846	1774	441	846	1774	234	729	1752	234	729	2336	26	35	48	26	35	48	1485	3852	5778	1485	3852	5778
127	178	359	536	178	423	630	445	852	1787	445	852	1787	237	741	1760	237	741	2346	26	35	49	26	35	49	1520	3942	5913	1520	3942	5913
128	179	362	539	179	426	634	448	858	1799	448	858	1799	240	752	1767	240	752	2357	27	36	49	27	36	49	1554	4031	6047	1554	4031	6047
129	181	364	543	181	428	638	452	864	1812	452	864	1812	243	764	1775	243	764	2367	27	36	50	27	36	50	1589	4121	6182	1589	4121	6182
130	182	366	546	182	431	643	456	870	1825	456	870	1825	246	775	1782	246	775	2377	27	36	51	27	36	51	1624	4217	6326	1624	4217	6326
131	183	369	550	183	434	647	459	876	1837	459	876	1837	250	786	1790	250	786	2386	28	37	51	28	37	51	1658	4313	6470	1658	4313	6470
132	185	371	554	185	437	651	463	882	1850	463	882	1850	253	797	1797	253	797	2396	28	37	52	28	37	52	1693	4409	6614	1693	4409	6614
133	186	374	557	186	440	655	467	888	1863	467	888	1863	256	809	1805	256	809	2406	28	37	52	28	37	52	1728	4512	6768	1728	4512	6768
134	188	376	560	188	442	659	470	894	1875	470	894	1875	259	820	1812	259	820	2417	28	37	52	28	37	52	1762	4615	6923	1762	4615	6923
135	189	379	564	189	445	663	474	900	1888	474	900	1888	262	832	1820	262	832	2427	28	37	52	28	37	52	1797	4718	7077	1797	4718	7077
136	190	381	567	190	448	667	478	906	1901	478	906	1901	265	844	1827	265	844	2437	28	38	53	28	38	53	1832	4829	7244	1832	4829	7244
137	192	384	571	192	451	671	481	912	1913	481	912	1913	268	855	1835	268	855	2446	29	38	53	29	38	53	1866	4940	7410	1866	4940	7410
138	193	386	574	193	454	676	485	918	1926	485	918	1926	271	867	1842	271	867	2456	29	39	54	29	39	54	1901	5051	7577	1901	5051	7577
139	195	388	578	195	456	680	489	924	1939	489	924	1939	274	878	1850	274	878	2466	29	39	54	29	39	54	1936	5168	7752	1936	5168	7752
140	196	391	581	196	459	683	492	930	1951	492	930	1951	278	889	1857	278	889	2477	29	39	54	29	39	54	1970	5285	7928	1970	5285	7928
141	197	393	585	197	462	687	496	936	1964	496	936	1964	281	900	1865	281	900	2487	29	39	54	29	39	54	2005	5402	8103	2005	5402	8103
142	199	395	588	199	465	692	500	942	1977	500	942	1977	284	912	1872	284	912	2497	29	39	55	29	39	55	2040	5529	8294	2040	5529	8294
143	200	398	592	200	468	696	503	948	1989	503	948	1989	287	923	1880	287	923	2506	30	40	55	30	40	55	2074	5656	8484	2074	5656	8484
144	202	400	595	202	470	700	507	954	2002	507	954	2002	290	935	1887	290	935	2516	30	40	56	30	40	56	2109	5783	8675	2109	5783	8675
145	203	402	599	203	473	704	511	960	2015	511	960	2015	293	946	1895	293	946	2526	30	40	56	30	40	56	2144	5917	8876	2144	5917	8876
146	204	405	602	204	476	708	514	966	2027	514	966	2027	296	957	1902	296	957	2537	31	41	57	31	41	57	2178	6052	9078	2178	6052	9078
147	206	407	606	206	479	713	518	972	2040	518	972	2040	299	968	1910	299	968	2547	31	41	57	31	41	57	2213	6186	9279	2213	6186	9279
148	207	410	609	207	482	717	522	978	2053	522	978	2053	303	980	1917	303	980	2557	31	41	57	31	41	57	2248	6330	9495	2248	6330	9495
149	209	412	613	209	484	720	525	984	2065	525	984	2065	306	991	1925	306	991	2566	31	41	57	31	41	57	2282	6474	9711	2282	6474	9711
150	210	414	616	210	487	725	529	990	2078	529	990	2078	310	1003	1932	310	1003	2576	31	41	57	31	41	57	2317	6618	9927	2317	6618	9927
151	211	417	620	211	490	729	533	996	2091	533	996	2091	314	1014	1940	314	1014	2586	31	42	58	31	42	58	2352	6772	10158	2352	6772	10158
152	213	419	623	213	493	733	536	1002	2103	536	1002	2103	317	1026	1947	317	1026	2597	32	42	58	32	42	58	2386	6926	10389	2386	6926	10389
153	214	421	627	214	496	737	540	1008	2116	540	1008	2116	321	1037	1955	321	1037	2607	32	43	59	32	43	59	2421	7080	10620	2421	7080	10620
154	216	424	630	216	498	741	544	1014	2129	544	1014	2129	324	1048	1962	324	1048	2617	32	43	59	32	43	59	2456	7222	10833	2456	7222	10833
155	217	426	634	217	501	745	547	1020	2141	547	1020	2141	328	1060	1970	328	1060	2626	32	43	59	32	43	59	2490	7364	11046	2490	7364	11046
156	218	428	637	218	504	749	551	1026	2154	551	1026	2154	331	1071	1977	331	1071	2636	32	43	59	32	43	59	2525	7506	11259	2525	7506	11259
157	220	431	641	220	507	753	555	1032	2167	555	1032	2167	335	1082	1985	335	1082	2646	32	43	60	32	43	60	2560	7656	11484	2560	7656	11484
158	221	433	644	221	510	757	558	1038	2179	558	1038	2179	338	1094	1992	338	1094	2657	33	44	60	33	44	60	2594	7806	11709	2594	7806	11709
159	223	435	648	223	512	762	562	1044	2192	562	1044	2192	342	1105	2000	342	1105	2667	33	44	61	33	44	61	2629	7956	11934	2629	7956	11934
160	224	438	651	224	515	766	566	1050	2205	566	1050	2205	345	1116	2010	345	1116	2680	33	44	62	33	44	62	2664	8116	12174	2664	8116	12174
161	225	440	655	225	518	770	569	1056	2217	569	1056	2217	349	1128	2020	349	1128	2694	34	45	62	34	45	62	2698	8275	12413	2698	8275	12413
162	227	442	658	227	521	774	573	1062	2230	573	1062	2230	352	1139	2030	352	1139	2707	34	45	63	34	45	63	2733	8435	12653	2733	8435	12653
163	228	445	662	228	524	778	577	1068	2243	577	1068	2243	356	1150	2045	356	1150	2727	34	45	63	34	45	63	2768	8604	12906	2768	8604	12906
164	230	447	665	230	526	782	580	1074	2255	580	1074	2255	359	1162	2060	359	1162	2747	34	45	63	34	45	63	2802	8773	13160	2802	8773	13160
165	231	450	669	231	529	786	584	1080	2268	584	1080	2268	363	1173	2075	363	1173	2767	34	45	63	34	45	63	2837	8942	13413	2837	8942	13413
166	232	452	672	232	532	790	588	1086	2281	588	1086	2281	367	1185	2095	367	1185	2794	34	46	64	34	46	64	2872	9120	13681	2872	9120	13681
167	234	455	676	234	535	795	591	1092	2293	591	1092	2293	370	1196	2115	370	1196	2820	35	46	64	35	46	64	2906	9299	13948	2906	9299	13948
168	235	457	679	235	538	799	595	1098	2306	595	1098	2306	374	1208	2135	374	1208	2847	35	47	65	35	47	65	2941	9477	14216	2941	9477	14216
169	237	459	683	237	540	803	599	1104	2319	599	1104	2319	377	1219	2164	377	1219	2885	35	47	65	35	47	65	2976	9666	14499	2976	9666	14499
170	238	462	685	238	543	806	602	1110	2331	602	1110	2331	381	1230	2193	381	1230	2924	35	47	65	35	47	65	3010	9855	14783	3010	9855	14783
171	239	464	689	239	546	811	606	1116	2344	606	1116	2344	384	1241	2222	384	1241	2962	35	47	65	35	47	65	3045	10044	15066	3045	10044	15066
172	241	466	692	241	549	815	610	1122	2357	610	1122	2357	388	1253	2251	388	1253	3000	35	47	66	35	47	66	3080	10245	15368	3080	10245	15368
173	242	469	697	242	552	819	613	1128	2369	613	1128	2369	391	1264	2279	391	1264	3039	36	48	66	36	48	66	3114	10446	15669	3114	10446	15669
174	244	471	700	244	554	823	617	1134	2382	617	1134	2382	395	1276	2308	395	1276	3077	36	48	67	36	48	67	3149	10647	15971	3149	10647	15971
175	245	473	704	245	557	827	621	1140	2395	621	1140	2395	399	1287	2337	399	1287	3115	36	48	67	36	48	67	3184	10860	16290	3184	10860	16290
176	246	476	707	246	560	832	624	1146	2407	624	1146	2407	402	1298	2365	402	1298	3154	37	49	68	37	49	68	3218	11073	16610	3218	11073	16610
177	248	478	711	248	563	836	628	1152	2420	628	1152	2420	406	1309	2394	406	1309	3192	37	49	68	37	49	68	3253	11286	16929	3253	11286	16929
178	249	481	714	249	566	840	632	1158	2433	632	1158	2433	410	1321	2423	410	1321	3230	37	49	68	37	49	68	3288	11512	17268	3288	11512	17268
179	251	483	717	251	568	844	635	1164	2445	635	1164	2445	414	1332	2451	414	1332	3269	37	49	68	37	49	68	3322	11738	17607	3322	11738	17607
180	252	486	720	252	571	848	639	1170	2458	639	1170	2458	418	1344	2480	418	1344	3307	37	49	68	37	49	68	3357	11964	17946	3357	11964	17946
181	253	488	724	253	574	852	643	1176	2471	643	1176	2471	422	1356	2509	422	1356	3345	37	50	69	37	50	69	3392	12203	18304	3392	12203	18304
182	255	491	728	255	577	856	646	1182	2483	646	1182	2483	426	1367	2538	426	1367	3384	38	50	69	38	50	69	3426	12441	18662	3426	12441	18662
183	256	493	732	256	580	860	650	1188	2496	650	1188	2496	430	1379	2567	430	1379	3422	38	51	70	38	51	70	3461	12680	19020	3461	12680	19020
184	258	495	735	258	582	865	654	1194	2509	654	1194	2509	434	1390	2596	434	1390	3460	38	51	70	38	51	70	3496	12934	19401	3496	12934	19401
185	259	498	738	259	585	868	657	1200	2521	657	1200	2521	438	1401	2624	438	1401	3499	38	51	70	38	51	70	3530	13188	19782	3530	13188	19782
186	260	500	741	260	588	872	661	1206	2534	661	1206	2534	442	1412	2653	442	1412	3537	38	51	70	38	51	70	3565	13442	20163	3565	13442	20163
187	262	502	745	262	591	876	665	1212	2547	665	1212	2547	446	1424	2682	446	1424	3575	38	51	71	38	51	71	3600	13711	20567	3600	13711	20567
188	263	505	748	263	594	881	668	1218	2559	668	1218	2559	450	1435	2710	450	1435	3614	39	52	71	39	52	71	3634	13980	20970	3634	13980	20970
189	265	507	752	265	596	885	672	1224	2572	672	1224	2572	454	1447	2739	454	1447	3652	39	52	72	39	52	72	3669	14249	21374	3669	14249	21374
190	266	509	755	266	599	889	676	1230	2585	676	1230	2585	458	1458	2768	458	1458	3690	39	52	72	39	52	72	3704	14534	21801	3704	14534	21801
191	267	512	760	267	602	893	679	1236	2597	679	1236	2597	462	1469	2796	462	1469	3729	39	52	72	39	52	72	3738	14819	22229	3738	14819	22229
192	269	514	763	269	605	897	683	1242	2610	683	1242	2610	466	1480	2825	466	1480	3767	39	52	72	39	52	72	3773	15104	22656	3773	15104	22656
193	270	517	767	270	608	902	687	1248	2623	687	1248	2623	470	1492	2854	470	1492	3805	39	52	73	39	52	73	3808	15406	23109	3808	15406	23109
194	272	519	769	272	610	905	690	1254	2635	690	1254	2635	473	1503	2883	473	1503	3844	40	53	73	40	53	73	3842	15708	23562	3842	15708	23562
195	273	522	773	273	613	909	694	1260	2648	694	1260	2648	477	1515	2912	477	1515	3882	40	53	74	40	53	74	3877	16010	24015	3877	16010	24015
196	274	524	776	274	616	914	698	1266	2661	698	1266	2661	481	1526	2941	481	1526	3920	40	54	75	40	54	75	3912	16312	24468	3912	16312	24468
197	276	526	780	276	619	918	701	1272	2673	701	1272	2673	485	1538	2969	485	1538	3959	41	54	75	41	54	75	3946	16614	24921	3946	16614	24921
198	277	529	783	277	622	922	705	1278	2686	705	1278	2686	489	1549	2998	489	1549	3997	41	55	76	41	55	76	3981	16916	25374	3981	16916	25374
199	279	531	787	279	624	926	709	1284	2699	709	1284	2699	493	1560	3027	493	1560	4035	41	55	76	41	55	76	4016	17218	25827	4016	17218	25827
200	280	533	790	280	627	930	712	1290	2711	712	1290	2711	497	1572	3055	497	1572	4074	41	55	76	41	55	76	4050	17520	26280	4050	17520	26280
201	281	536	794	281	630	934	716	1296	2724	716	1296	2724	501	1583	3084	501	1583	4112	41	55	76	41	55	76	4085	17822	26733	4085	17822	26733
202	283	538	797	283	633	938	720	1302	2737	720	1302	2737	505	1594	3113	505	1594	4150	41	55	77	41	55	77	4120	18124	27186	4120	18124	27186
203	284	540	801	284	636	942	723	1308	2749	723	1308	2749	509	1606	3141	509	1606	4189	42	56	77	42	56	77	4154	18426	27639	4154	18426	27639
204	286	543	804	286	638	946	727	1314	2762	727	1314	2762	513	1617	3170	513	1617	4227	42	56	78	42	56	78	4189	18728	28092	4189	18728	28092
205	287	545	808	287	641	951	731	1320	2775	731	1320	2775	517	1628	3199	517	1628	4265	42	56	79	42	56	79	4224	19030	28545	4224	19030	28545
206	288	547	812	288	644	955	734	1326	2787	734	1326	2787	521	1640	3228	521	1640	4304	43	57	79	43	57	79	4258	19332	28998	4258	19332	28998
207	290	550	816	290	647	959	738	1332	2800	738	1332	2800	525	1651	3257	525	1651	4342	43	57	80	43	57	80	4293	19634	29451	4293	19634	29451
208	291	552	819	291	650	963	742	1338	2813	742	1338	2813	530	1662	3286	530	1662	4380	43	57	80	43	57	80	4328	19936	29904	4328	19936	29904
209	293	554	822	293	652	967	745	1344	2825	745	1344	2825	534	1674	3314	534	1674	4419	43	57	80	43	57	80	4362	20238	30357	4362	20238	30357
210	294	557	825	294	655	971	749	1350	2838	749	1350	2838	539	1685	3343	539	1685	4457	43	57	80	43	57	80	4397	20540	30810	4397	20540	30810
211	295	559	829	295	658	975	753	1356	2851	753	1356	2851	543	1697	3372	543	1697	4495	43	58	80	43	58	80	4432	20842	31263	4432	20842	31263
212	297	562	832	297	661	979	756	1362	2863	756	1362	2863	548	1708	3400	548	1708	4534	44	58	81	44	58	81	4466	21144	31716	4466	21144	31716
213	298	564	836	298	664	984	760	1368	2876	760	1368	2876	552	1720	3429	552	1720	4572	44	59	81	44	59	81	4501	21446	32169	4501	21446	32169
214	300	566	839	300	666	988	764	1374	2889	764	1374	2889	556	1731	3458	556	1731	4610	44	59	81	44	59	81	4536	21748	32622	4536	21748	32622
215	301	569	843	301	669	991	767	1380	2901	767	1380	2901	561	1742	3486	561	1742	4649	44	59	81	44	59	81	4570	22050	33075	4570	22050	33075
216	302	571	846	302	672	995	771	1386	2914	771	1386	2914	565	1753	3515	565	1753	4687	44	59	81	44	59	81	4605	22352	33528	4605	22352	33528
217	304	573	850	304	675	1000	775	1392	2927	775	1392	2927	570	1765	3544	570	1765	4725	44	59	82	44	59	82	4640	22654	33981	4640	22654	33981
218	305	576	853	305	678	1004	778	1398	2939	778	1398	2939	574	1776	3573	574	1776	4764	45	60	82	45	60	82	4674	22956	34434	4674	22956	34434
219	307	578	857	307	680	1008	782	1404	2952	782	1404	2952	579	1788	3602	579	1788	4802	45	60	83	45	60	83	4709	23258	34887	4709	23258	34887
220	308	580	860	308	683	1012	786	1410	2965	786	1410	2965	583	1799	3631	583	1799	4840	45	60	84	45	60	84	4744	23560	35340	4744	23560	35340
221	309	583	864	309	686	1016	789	1416	2977	789	1416	2977	588	1810	3659	588	1810	4879	46	61	84	46	61	84	4778	23862	35793	4778	23862	35793
222	311	585	867	311	689	1021	793	1422	2990	793	1422	2990	592	1821	3688	592	1821	4917	46	61	85	46	61	85	4813	24164	36246	4813	24164	36246
223	312	588	871	312	692	1025	797	1428	3003	797	1428	3003	596	1833	3717	596	1833	4955	46	61	85	46	61	85	4848	24466	36699	4848	24466	36699
224	314	590	874	314	694	1028	800	1434	3015	800	1434	3015	601	1844	3745	601	1844	4994	46	61	85	46	61	85	4882	24768	37152	4882	24768	37152
225	315	593	878	315	697	1033	804	1440	3028	804	1440	3028	605	1856	3774	605	1856	5032	46	61	85	46	61	85	4917	25070	37605	4917	25070	37605
226	316	595	881	316	700	1037	808	1446	3041	808	1446	3041	609	1868	3803	609	1868	5070	46	62	86	46	62	86	4952	25372	38058	4952	25372	38058
227	318	598	885	318	703	1041	811	1452	3053	811	1452	3053	614	1879	3831	614	1879	5109	47	62	86	47	62	86	4986	25674	38511	4986	25674	38511
228	319	600	888	319	706	1045	815	1458	3066	815	1458	3066	618	1891	3860	618	1891	5147	47	63	87	47	63	87	5021	25976	38964	5021	25976	38964
229	321	602	892	321	708	1049	819	1464	3079	819	1464	3079	623	1902	3889	623	1902	5185	47	63	87	47	63	87	5056	26278	39417	5056	26278	39417
230	322	605	895	322	711	1053	822	1470	3091	822	1470	3091	627	1913	3918	627	1913	5224	47	63	87	47	63	87	5090	26580	39870	5090	26580	39870
231	323	607	899	323	714	1057	826	1476	3104	826	1476	3104	632	1924	3947	632	1924	5262	47	63	87	47	63	87	5125	26882	40323	5125	26882	40323
232	325	609	902	325	717	1061	830	1482	3117	830	1482	3117	636	1936	3976	636	1936	5300	47	63	88	47	63	88	5160	27184	40776	5160	27184	40776
233	326	612	906	326	720	1065	833	1488	3129	833	1488	3129	641	1947	4004	641	1947	5339	48	64	88	48	64	88	5194	27486	41229	5194	27486	41229
234	328	614	909	328	722	1070	837	1494	3142	837	1494	3142	645	1959	4033	645	1959	5377	48	64	89	48	64	89	5229	27788	41682	5229	27788	41682
235	329	616	913	329	725	1074	841	1500	3155	841	1500	3155	649	1970	4062	649	1970	5415	48	64	90	48	64	90	5264	28090	42135	5264	28090	42135
236	330	619	916	330	728	1078	844	1506	3167	844	1506	3167	654	1981	4090	654	1981	5454	49	65	90	49	65	90	5298	28392	42588	5298	28392	42588
237	332	621	920	332	731	1082	848	1512	3180	848	1512	3180	658	1992	4119	658	1992	5492	49	65	91	49	65	91	5333	28694	43041	5333	28694	43041
238	333	624	923	333	734	1086	852	1518	3193	852	1518	3193	663	2004	4148	663	2004	5530	49	65	91	49	65	91	5368	28996	43494	5368	28996	43494
239	335	626	927	335	736	1090	855	1524	3205	855	1524	3205	668	2015	4176	668	2015	5569	49	65	91	49	65	91	5402	29298	43947	5402	29298	43947
240	336	629	930	336	739	1094	859	1530	3218	859	1530	3218	673	2027	4205	673	2027	5607	49	65	91	49	65	91	5437	29600	44400	5437	29600	44400
241	337	631	934	337	742	1098	863	1536	3231	863	1536	3231	678	2038	4234	678	2038	5645	49	66	92	49	66	92	5472	29902	44853	5472	29902	44853
242	339	634	937	339	745	1103	866	1542	3243	866	1542	3243	683	2050	4263	683	2050	5684	50	66	92	50	66	92	5506	30204	45306	5506	30204	45306
243	340	636	941	340	748	1107	870	1548	3256	870	1548	3256	688	2061	4292	688	2061	5722	50	67	93	50	67	93	5541	30506	45759	5541	30506	45759
244	342	638	944	342	750	1111	874	1554	3269	874	1554	3269	693	2072	4321	693	2072	5760	50	67	93	50	67	93	5576	30808	46212	5576	30808	46212
245	343	641	947	343	753	1114	877	1560	3281	877	1560	3281	697	2084	4349	697	2084	5799	50	67	93	50	67	93	5610	31110	46665	5610	31110	46665
246	344	643	951	344	756	1119	881	1566	3294	881	1566	3294	702	2095	4378	702	2095	5837	50	67	93	50	67	93	5645	31412	47118	5645	31412	47118
247	346	645	954	346	759	1123	885	1572	3307	885	1572	3307	707	2106	4407	707	2106	5875	50	67	93	50	67	93	5680	31714	47571	5680	31714	47571
248	347	648	958	347	762	1127	888	1578	3319	888	1578	3319	712	2118	4435	712	2118	5914	51	68	94	51	68	94	5714	32016	48024	5714	32016	48024
249	349	650	962	349	764	1131	892	1584	3332	892	1584	3332	717	2129	4464	717	2129	5952	51	68	94	51	68	94	5749	32318	48477	5749	32318	48477
250	350	652	965	350	767	1135	896	1590	3345	896	1590	3345	722	2140	4493	722	2140	5990	51	68	94	51	68	94	5784	32620	48930	5784	32620	48930
251	351	655	969	351	770	1140	899	1596	3357	899	1596	3357	727	2152	4521	727	2152	6029	51	68	94	51	68	94	5818	32922	49383	5818	32922	49383
252	353	657	972	353	773	1144	903	1602	3370	903	1602	3370	732	2163	4550	732	2163	6067	51	68	94	51	68	94	5853	33224	49836	5853	33224	49836
253	354	659	976	354	776	1148	907	1608	3383	907	1608	3383	737	2174	4579	737	2174	6105	51	68	95	51	68	95	5888	33526	50289	5888	33526	50289
254	356	662	979	356	778	1152	910	1614	3395	910	1614	3395	741	2186	4608	741	2186	6144	52	69	95	52	69	95	5922	33828	50742	5922	33828	50742
255	357	664	982	357	781	1156	914	1620	3408	914	1620	3408	746	2197	4637	746	2197	6182	52	69	96	52	69	96	5957	34130	51195	5957	34130	51195
256	358	666	986	358	784	1160	918	1626	3421	918	1626	3421	751	2209	4666	751	2209	6220	52	69	97	52	69	97	5992	34432	51648	5992	34432	51648
257	360	669	990	360	787	1164	921	1632	3433	921	1632	3433	756	2220	4694	756	2220	6259	53	70	97	53	70	97	6026	34734	52101	6026	34734	52101
258	361	671	993	361	790	1168	925	1638	3446	925	1638	3446	761	2232	4723	761	2232	6297	53	70	98	53	70	98	6061	35036	52554	6061	35036	52554
259	363	673	997	363	792	1173	929	1644	3459	929	1644	3459	766	2243	4752	766	2243	6335	53	70	98	53	70	98	6096	35338	53007	6096	35338	53007
260	364	676	1000	364	795	1176	932	1650	3471	932	1650	3471	770	2254	4780	770	2254	6374	53	70	98	53	70	98	6130	35640	53460	6130	35640	53460
261	365	678	1003	365	798	1180	936	1656	3484	936	1656	3484	775	2265	4809	775	2265	6412	53	70	98	53	70	98	6165	35942	53913	6165	35942	53913
262	367	680	1007	367	801	1184	940	1662	3497	940	1662	3497	780	2277	4838	780	2277	6450	53	71	99	53	71	99	6200	36244	54366	6200	36244	54366
263	368	683	1010	368	804	1189	943	1668	3509	943	1668	3509	785	2288	4866	785	2288	6489	54	71	99	54	71	99	6234	36546	54819	6234	36546	54819
264	370	685	1014	370	806	1193	947	1674	3522	947	1674	3522	790	2300	4895	790	2300	6527	54	72	100	54	72	100	6269	36848	55272	6269	36848	55272
265	371	687	1017	371	809	1197	951	1680	3535	951	1680	3535	795	2311	4924	795	2311	6565	54	72	101	54	72	101	6304	37150	55725	6304	37150	55725
266	372	690	1021	372	812	1201	954	1686	3547	954	1686	3547	800	2322	4953	800	2322	6604	55	73	101	55	73	101	6338	37452	56178	6338	37452	56178
267	374	692	1025	374	815	1205	958	1692	3560	958	1692	3560	805	2333	4982	805	2333	6642	55	73	102	55	73	102	6373	37754	56631	6373	37754	56631
268	375	695	1028	375	818	1210	962	1698	3573	962	1698	3573	810	2345	5011	810	2345	6680	55	73	102	55	73	102	6408	38056	57084	6408	38056	57084
269	377	697	1031	377	820	1213	965	1704	3585	965	1704	3585	816	2356	5039	816	2356	6719	55	73	102	55	73	102	6442	38358	57537	6442	38358	57537
270	378	700	1035	378	823	1217	969	1710	3598	969	1710	3598	821	2368	5068	821	2368	6757	55	73	102	55	73	102	6477	38660	57990	6477	38660	57990
271	379	702	1038	379	826	1222	973	1716	3611	973	1716	3611	826	2380	5097	826	2380	6795	55	73	103	55	73	103	6512	38962	58443	6512	38962	58443
272	381	705	1042	381	829	1226	976	1722	3623	976	1722	3623	832	2391	5125	832	2391	6834	56	74	103	56	74	103	6546	39264	58896	6546	39264	58896
273	382	707	1045	382	832	1230	980	1728	3636	980	1728	3636	837	2403	5154	837	2403	6872	56	74	104	56	74	104	6581	39566	59349	6581	39566	59349
274	384	709	1049	384	834	1234	984	1734	3649	984	1734	3649	842	2414	5183	842	2414	6910	56	74	104	56	74	104	6616	39868	59802	6616	39868	59802
275	385	712	1052	385	837	1238	987	1740	3661	987	1740	3661	848	2425	5211	848	2425	6949	56	74	104	56	74	104	6650	40170	60255	6650	40170	60255
276	386	714	1056	386	840	1242	991	1746	3674	991	1746	3674	853	2436	5240	853	2436	6987	56	74	104	56	74	104	6685	40472	60708	6685	40472	60708
277	388	716	1059	388	843	1246	995	1752	3687	995	1752	3687	858	2448	5269	858	2448	7025	56	75	104	56	75	104	6720	40774	61161	6720	40774	61161
278	389	719	1063	389	846	1250	998	1758	3699	998	1758	3699	863	2459	5298	863	2459	7064	57	75	105	57	75	105	6754	41076	61614	6754	41076	61614
279	391	721	1066	391	848	1254	1002	1764	3712	1002	1764	3712	868	2471	5327	868	2471	7102	57	76	105	57	76	105	6789	41378	62067	6789	41378	62067
280	392	723	1070	392	851	1259	1006	1770	3725	1006	1770	3725	873	2482	5356	873	2482	7140	57	76	106	57	76	106	6824	41680	62520	6824	41680	62520
281	393	726	1074	393	854	1263	1009	1776	3737	1009	1776	3737	879	2493	5384	879	2493	7179	58	77	106	58	77	106	6858	41982	62973	6858	41982	62973
282	395	728	1077	395	857	1267	1013	1782	3750	1013	1782	3750	884	2504	5413	884	2504	7217	58	77	107	58	77	107	6893	42284	63426	6893	42284	63426
283	396	731	1081	396	860	1271	1017	1788	3763	1017	1788	3763	889	2516	5442	889	2516	7255	58	77	107	58	77	107	6928	42586	63879	6928	42586	63879
284	398	733	1084	398	862	1275	1020	1794	3775	1020	1794	3775	895	2527	5470	895	2527	7294	58	77	107	58	77	107	6962	42888	64332	6962	42888	64332
285	399	736	1087	399	865	1279	1024	1800	3788	1024	1800	3788	900	2539	5499	900	2539	7332	58	77	107	58	77	107	6997	43190	64785	6997	43190	64785
286	400	738	1091	400	868	1283	1028	1806	3801	1028	1806	3801	905	2550	5528	905	2550	7370	58	77	108	58	77	108	7032	43492	65238	7032	43492	65238
287	402	741	1094	402	871	1287	1031	1812	3813	1031	1812	3813	911	2562	5556	911	2562	7409	59	78	108	59	78	108	7066	43794	65691	7066	43794	65691
288	403	743	1098	403	874	1292	1035	1818	3826	1035	1818	3826	916	2573	5585	916	2573	7447	59	78	109	59	78	109	7101	44096	66144	7101	44096	66144
289	405	745	1101	405	876	1296	1039	1824	3839	1039	1824	3839	921	2584	5614	921	2584	7485	59	78	109	59	78	109	7136	44398	66597	7136	44398	66597
290	406	748	1105	406	879	1299	1042	1830	3851	1042	1830	3851	927	2596	5643	927	2596	7524	59	78	109	59	78	109	7170	44700	67050	7170	44700	67050
291	407	750	1108	407	882	1303	1046	1836	3864	1046	1836	3864	932	2607	5672	932	2607	7562	59	78	109	59	78	109	7205	45002	67503	7205	45002	67503
292	409	752	1112	409	885	1308	1050	1842	3877	1050	1842	3877	937	2618	5701	937	2618	7600	59	79	110	59	79	110	7240	45304	67956	7240	45304	67956
293	410	755	1115	410	888	1312	1053	1848	3889	1053	1848	3889	943	2630	5729	943	2630	7639	60	79	110	60	79	110	7274	45606	68409	7274	45606	68409
294	412	757	1119	412	890	1316	1057	1854	3902	1057	1854	3902	948	2641	5758	948	2641	7677	60	80	111	60	80	111	7309	45908	68862	7309	45908	68862
295	413	759	1122	413	893	1320	1061	1860	3915	1061	1860	3915	953	2652	5787	953	2652	7715	60	80	111	60	80	111	7344	46210	69315	7344	46210	69315
296	414	762	1126	414	896	1324	1064	1866	3927	1064	1866	3927	959	2664	5815	959	2664	7754	60	80	111	60	80	111	7378	46512	69768	7378	46512	69768
297	416	764	1129	416	899	1329	1068	1872	3940	1068	1872	3940	964	2675	5844	964	2675	7792	60	80	111	60	80	111	7413	46814	70221	7413	46814	70221
298	417	767	1133	417	902	1333	1072	1878	3953	1072	1878	3953	970	2686	5873	970	2686	7830	60	80	112	60	80	112	7448	47116	70674	7448	47116	70674
299	419	769	1136	419	904	1336	1075	1884	3965	1075	1884	3965	976	2698	5901	976	2698	7869	61	81	112	61	81	112	7482	47418	71127	7482	47418	71127
300	420	771	1140	420	907	1341	1079	1890	3978	1079	1890	3978	982	2709	5930	982	2709	7907	61	81	113	61	81	113	7517	47720	71580	7517	47720	71580
301	421	774	1143	421	910	1345	1083	1896	3991	1083	1896	3991	988	2721	5959	988	2721	7945	61	81	114	61	81	114	7552	48022	72033	7552	48022	72033
302	423	776	1147	423	913	1349	1086	1902	4003	1086	1902	4003	993	2732	5988	993	2732	7984	62	82	114	62	82	114	7586	48324	72486	7586	48324	72486
303	424	778	1150	424	916	1353	1090	1908	4016	1090	1908	4016	999	2744	6017	999	2744	8022	62	82	115	62	82	115	7621	48626	72939	7621	48626	72939
304	426	781	1154	426	918	1357	1094	1914	4029	1094	1914	4029	1005	2755	6046	1005	2755	8060	62	82	115	62	82	115	7656	48928	73392	7656	48928	73392
305	427	783	1157	427	921	1361	1097	1920	4041	1097	1920	4041	1010	2766	6074	1010	2766	8099	62	82	115	62	82	115	7690	49230	73845	7690	49230	73845
306	428	785	1161	428	924	1365	1101	1926	4054	1101	1926	4054	1016	2777	6103	1016	2777	8137	62	82	115	62	82	115	7725	49532	74298	7725	49532	74298
307	430	788	1164	430	927	1369	1105	1932	4067	1105	1932	4067	1022	2789	6132	1022	2789	8175	62	83	116	62	83	116	7760	49834	74751	7760	49834	74751
308	431	790	1168	431	930	1373	1108	1938	4079	1108	1938	4079	1027	2800	6160	1027	2800	8214	63	83	116	63	83	116	7794	50136	75204	7794	50136	75204
309	433	792	1171	433	932	1378	1112	1944	4092	1112	1944	4092	1033	2812	6189	1033	2812	8252	63	84	117	63	84	117	7829	50438	75657	7829	50438	75657
310	434	795	1175	434	935	1382	1116	1950	4105	1116	1950	4105	1039	2823	6218	1039	2823	8290	63	84	117	63	84	117	7864	50740	76110	7864	50740	76110
311	435	797	1178	435	938	1386	1119	1956	4117	1119	1956	4117	1045	2834	6246	1045	2834	8329	63	84	117	63	84	117	7898	51042	76563	7898	51042	76563
312	437	799	1182	437	941	1390	1123	1962	4130	1123	1962	4130	1051	2845	6275	1051	2845	8367	63	84	117	63	84	117	7933	51344	77016	7933	51344	77016
313	438	802	1185	438	944	1394	1127	1968	4143	1127	1968	4143	1057	2857	6304	1057	2857	8405	63	84	117	63	84	117	7968	51646	77469	7968	51646	77469
314	440	804	1189	440	946	1398	1130	1974	4155	1130	1974	4155	1062	2868	6333	1062	2868	8444	64	85	118	64	85	118	8002	51948	77922	8002	51948	77922
315	441	807	1192	441	949	1402	1134	1980	4168	1134	1980	4168	1068	2880	6362	1068	2880	8482	64	85	118	64	85	118	8037	52250	78375	8037	52250	78375
316	442	809	1196	442	952	1406	1138	1986	4181	1138	1986	4181	1074	2892	6391	1074	2892	8520	64	85	119	64	85	119	8072	52552	78828	8072	52552	78828
317	444	812	1199	444	955	1411	1141	1992	4193	1141	1992	4193	1079	2903	6419	1079	2903	8559	65	86	119	65	86	119	8106	52854	79281	8106	52854	79281
318	445	814	1203	445	958	1415	1145	1998	4206	1145	1998	4206	1085	2915	6448	1085	2915	8597	65	86	120	65	86	120	8141	53156	79734	8141	53156	79734
319	447	816	1206	447	960	1419	1149	2004	4219	1149	2004	4219	1091	2926	6477	1091	2926	8635	65	86	120	65	86	120	8176	53458	80187	8176	53458	80187
320	448	819	1209	448	963	1422	1152	2010	4231	1152	2010	4231	1097	2937	6505	1097	2937	8674	65	86	120	65	86	120	8210	53760	80640	8210	53760	80640
321	449	821	1212	449	966	1427	1156	2016	4244	1156	2016	4244	1103	2948	6534	1103	2948	8712	65	86	120	65	86	120	8245	54062	81093	8245	54062	81093
322	451	823	1216	451	969	1431	1160	2022	4257	1160	2022	4257	1109	2960	6563	1109	2960	8750	65	87	121	65	87	121	8280	54364	81546	8280	54364	81546
323	452	826	1220	452	972	1435	1163	2028	4269	1163	2028	4269	1114	2971	6591	1114	2971	8789	66	87	121	66	87	121	8314	54666	81999	8314	54666	81999
324	454	828	1224	454	974	1439	1167	2034	4282	1167	2034	4282	1120	2983	6620	1120	2983	8827	66	88	122	66	88	122	8349	54968	82452	8349	54968	82452
325	455	830	1227	455	977	1443	1171	2040	4295	1171	2040	4295	1126	2994	6649	1126	2994	8865	66	88	123	66	88	123	8384	55270	82905	8384	55270	82905
326	456	833	1231	456	980	1448	1174	2046	4307	1174	2046	4307	1131	3005	6678	1131	3005	8904	67	89	123	67	89	123	8418	55572	83358	8418	55572	83358
327	458	835	1234	458	983	1452	1178	2052	4320	1178	2052	4320	1137	3016	6707	1137	3016	8942	67	89	124	67	89	124	8453	55874	83811	8453	55874	83811
328	459	837	1238	459	986	1456	1182	2058	4333	1182	2058	4342	1143	3022	6738	1143	3022	8228	67	89	125	67	89	125	8502	56166	84270	8502	56166	84270
329	461	840	1242	461	988	1460	1185	2064	4345	1185	2064	4363	1148	3027	6769	1148	3027	7514	68	90	125	68	90	125	8551	56458	84730	8551	56458	84730
330	462	842	1246	462	991	1464	1189	2070	4358	1189	2070	4385	1154	3033	6800	1154	3033	6800	68	90	126	68	90	126	8600	56750	85189	8600	56750	85189
